# Iteration 0 fitness=14.000000
-0.195110 2.021571 -3.103746 -0.948305
-3.657982 -0.457664 0.336326 -1.110870
2.057159 -2.778610 -0.262879 1.948266
0.973862 -2.269391 -0.544587 -2.484327
0.512391 -1.035319 0.902506 -1.666058
2.075272 -3.822245 0.008346 -1.832206
2.140561 -1.178635 0.298841 -1.792964

# Iteration 1 fitness=68.000000
-0.010219 0.182174 -2.768290 -1.311850
-3.140980 -1.919436 -0.247591 -1.983169
3.065215 -2.910496 -0.195599 -0.386298
1.838290 -1.642615 -2.379603 -1.082959
1.984561 -3.549499 0.082284 -1.720155
2.561218 -3.372191 -0.318780 -0.546160
2.091363 -1.849265 -2.639410 -0.765554

# Iteration 2 fitness=74.333333
-0.187637 -0.634233 -4.021190 -1.986634
-2.322402 -2.338023 -1.527955 -1.177645
3.021070 -3.735209 0.043058 -1.389507
1.442107 -3.701808 -4.059601 -1.389289
1.255702 -3.746630 0.276734 -1.339026
2.586732 -3.853380 -0.772566 -0.580830
2.761123 -1.759855 -3.381400 -0.670752

# Iteration 3 fitness=75.000000
0.310272 -0.084542 -4.422268 -2.047708
-2.264833 -2.330105 -2.329504 -0.536945
3.894886 -4.380593 -0.662090 -2.012919
0.873997 -3.811730 -4.515353 -1.664926
1.276219 -4.589083 0.583436 -0.980833
2.552870 -3.596660 -0.905027 -0.569311
2.225244 -2.885381 -4.035020 -0.515724

# Iteration 4 fitness=73.000000
1.200175 -0.355772 -3.745271 -1.605444
-3.455454 -2.739310 -2.950419 -0.576832
3.727626 -4.739681 -1.576969 -2.769353
0.869767 -5.083514 -4.427353 -1.596985
-1.180072 -4.272965 -0.963298 -1.574360
2.240481 -3.444023 -1.267887 -1.224924
1.679810 -3.404662 -1.006516 -0.675282

# Iteration 5 fitness=75.333333
0.474075 -0.060788 -3.547737 -1.431454
-3.735923 -0.892279 -2.592927 -0.691737
3.287810 -4.954125 -0.662015 -2.221337
-0.095027 -3.899254 -3.515098 -1.599308
4.112374 -4.747512 -0.095458 -0.195684
3.036971 -3.674691 -1.724124 -1.204496
1.227138 -3.890692 -3.492626 -0.718133

# Iteration 6 fitness=74.333333
1.139575 -0.612489 -4.609008 -1.189808
-3.197421 -0.868658 -3.339831 -0.618183
3.687596 -4.948716 -0.490260 -2.314037
-0.336200 -3.652239 -3.237865 -1.611593
4.658556 -5.493089 -0.284152 -0.177361
3.094888 -3.600194 -1.569815 -1.383819
1.961443 -4.578309 -3.555514 -1.478020

# Iteration 7 fitness=74.000000
0.127739 0.068023 -3.824268 -1.265216
-3.901862 -0.719617 -2.017742 -0.703689
3.622633 -5.554967 -0.639667 -2.189166
0.872944 -3.943814 -4.356566 -2.534349
4.208616 -4.151674 0.001584 -0.691699
3.295729 -4.946554 -2.135601 -1.603304
2.009477 -4.245827 -3.119251 -0.609840

# Iteration 8 fitness=73.666667
0.598748 -0.212539 -2.935740 -1.106301
-4.384712 -0.943987 -2.821957 -1.001125
3.652243 -4.788159 -1.154793 -1.208367
0.538755 -3.938976 -4.942927 -2.045792
4.342798 -5.450571 -0.176588 -0.764628
4.550415 -4.044760 -0.995563 -1.346733
1.520645 -4.684193 -1.510328 -0.568830

# Iteration 9 fitness=74.666667
0.708427 -0.171947 -6.110187 -1.723440
-3.489552 -0.940012 -3.652802 -0.654163
3.315303 -3.803305 -0.416170 -1.749076
0.359233 -3.587057 -3.595771 -1.979783
4.054341 -4.736058 1.819068 -0.615092
3.982997 -3.691922 -1.984764 -1.678280
1.723400 -4.325926 -3.241773 -0.960844

# Iteration 10 fitness=73.333333
-0.070647 -1.144980 -4.078482 -1.814796
-2.890374 -0.871176 -3.219066 -1.284067
3.463830 -5.675835 -1.129266 -1.467716
-0.074277 -3.715325 -2.967501 -2.491781
4.679525 -3.224242 0.200170 -0.689316
2.809347 -3.254880 -0.735606 -1.595688
1.419684 -4.996109 -3.090896 -1.195797

# Iteration 11 fitness=76.000000
1.101085 -0.469097 -3.639549 -1.625583
-3.466718 -0.699448 -1.997528 -0.291523
3.287810 -4.954125 -0.431449 -2.741324
-0.095027 -3.899254 -2.975125 -1.599308
4.438766 -5.011398 -0.201280 -0.370959
3.036971 -3.573618 -1.970970 -1.204496
1.227138 -3.890692 -3.870970 -0.718133

# Iteration 12 fitness=74.666667
-0.464836 -1.295338 -4.835294 -1.332623
-3.221750 -1.138256 -2.556980 -0.308137
3.305656 -5.439580 -0.548785 -2.190841
0.171312 -3.713990 -3.512946 -0.981207
3.578061 -3.956628 -2.371302 -0.471321
4.365297 -1.457178 -2.081663 -1.349917
0.814538 -3.760827 -4.351819 -1.436651

# Iteration 13 fitness=75.666667
0.954826 -0.469097 -3.639549 -1.818617
-3.466718 -0.624417 -1.937514 -0.699425
2.256977 -4.954125 0.392056 -2.945207
-0.534387 -3.941507 -3.103041 -1.599308
4.455704 -5.011398 0.265321 -0.374478
2.841448 -3.884135 -2.117272 -1.630261
1.227138 -3.890692 -4.064269 -0.913279

# Iteration 14 fitness=74.666667
3.394179 -0.485502 -4.388363 -2.133199
-3.044633 -0.976516 -2.604198 -0.455045
3.086078 -4.868292 -1.039982 -2.897560
-0.519122 -2.525952 -3.059367 -2.092032
4.452095 -5.555349 -0.010896 -0.075054
2.807586 -2.566710 -2.211415 -1.228144
1.468221 -3.784794 -3.432025 -1.656291

# Iteration 15 fitness=74.666667
1.155899 -0.504820 -3.629987 -1.710621
-3.740378 -0.538176 -1.997469 -0.211545
3.272695 -5.122176 -0.615362 -2.687258
-0.215967 -3.709920 -3.027434 -1.539594
4.845620 -4.634147 -0.319167 -0.487356
3.005404 -3.787468 -1.184007 -2.193422
2.722179 -3.890692 -3.840871 -0.779707

# Iteration 16 fitness=75.000000
1.545050 -0.641136 -3.649534 -1.888344
-3.936355 -1.397925 -1.726791 -0.284104
3.193622 -4.115544 -1.419575 -2.540516
-0.014715 -4.511264 -4.084281 -2.056121
4.002278 -3.479646 -0.762015 -0.794043
3.045427 -3.045728 -0.849116 -1.167921
1.282202 -3.508658 -4.393813 -0.867693

# Iteration 17 fitness=74.666667
1.279281 -0.301863 -5.177956 -1.962432
-2.363640 -0.694929 -2.105571 -0.577986
4.329662 -4.738549 -2.987526 -2.666939
-0.235412 -4.085073 -0.749166 -1.290078
4.297804 -4.963328 -0.670764 -0.823834
3.015111 -3.356680 -1.205644 -3.582134
2.074132 -3.750177 -3.778787 -1.379868

# Iteration 18 fitness=74.666667
1.139078 -0.638032 -3.594059 -1.691311
-3.866925 -1.083286 -2.165594 -0.296154
2.873031 -3.430988 -0.729021 -2.893330
-0.120305 -3.885221 -3.062039 -2.105892
4.404310 -5.300803 -0.389025 -0.478701
3.018398 -4.147351 -1.725913 -1.521467
1.331185 -1.096984 -4.386629 -0.676508

# Iteration 19 fitness=75.333333
0.369650 -1.003864 -4.026045 -1.700726
-4.207664 -1.615929 -2.185954 -0.761477
2.279748 -5.344156 -0.911423 -2.993684
-1.299493 -3.888434 -3.610115 -1.013177
3.876958 -8.199176 -1.888986 -0.404054
3.478772 -4.355890 -2.263578 -1.871893
1.785931 -2.890142 -3.718876 -1.271773

# Iteration 20 fitness=74.333333
1.424769 -0.531845 -3.705151 -1.725858
-3.510863 -0.692336 -1.775885 -0.294243
3.123464 -5.134683 -0.323049 -2.567808
-0.181579 -3.946054 -2.984334 -1.604420
1.940133 -4.843505 1.730510 -0.405059
3.029598 -3.575465 -1.972588 -1.730130
1.116011 -3.961892 -4.506345 -0.515418

# Iteration 21 fitness=73.666667
1.124670 -0.411904 -3.569564 -1.482608
-4.682350 -0.707890 -1.020916 -0.299160
3.791090 -4.841568 -0.023329 -2.387336
-0.021887 -4.009845 -2.152098 -1.594484
4.413253 -5.091539 1.303926 -1.071682
2.757129 -3.554743 -1.982340 -1.542303
0.114348 -4.144827 -4.068407 -0.864491

# Iteration 22 fitness=73.333333
0.094952 -0.848501 -3.283372 -1.660675
-3.702508 -2.907577 -2.757279 -1.318820
2.357545 -3.482442 -0.539410 -2.042026
0.695359 -4.336314 -1.455287 -1.270991
3.995510 -5.253037 -0.154688 -1.250958
3.474317 -2.960263 -1.937974 -1.691007
1.984380 -4.275571 -3.399800 -1.319590

# Iteration 23 fitness=73.333333
1.070903 -1.205427 -3.586091 -1.563613
-3.478735 -1.577537 -1.917058 -0.077974
3.413544 -4.965510 -0.855315 -3.045454
0.143151 -3.993389 -4.667509 -1.599394
2.982126 -5.801007 -0.208593 -0.138422
2.877974 -3.655785 -1.844472 -1.217874
1.256271 -2.582512 -3.844341 -0.140689