Gen,BestFitness,T0_w0,T0_w1,T0_w2,T0_w3,T1_w0,T1_w1,T1_w2,T1_w3,T2_w0,T2_w1,T2_w2,T2_w3,T3_w0,T3_w1,T3_w2,T3_w3,T4_w0,T4_w1,T4_w2,T4_w3,T5_w0,T5_w1,T5_w2,T5_w3,T6_w0,T6_w1,T6_w2,T6_w3
0,70.6667,1.0221,-0.4691,-3.6395,-1.6256,-3.5002,-0.7840,-1.9975,-0.2915,3.2878,-4.8291,-0.4314,-3.0520,-0.0950,-3.8993,-2.5716,-1.3049,4.4388,-5.0114,-0.2013,-0.3710,3.2195,-3.6377,-1.9710,-1.4710,1.2271,-3.2575,-3.8691,-0.7181
1,70.6667,1.0221,-0.4691,-3.6395,-1.6256,-3.5002,-0.7840,-1.9975,-0.2915,3.2878,-4.8291,-0.4314,-3.0520,-0.0950,-3.8993,-2.5716,-1.3049,4.4388,-5.0114,-0.2013,-0.3710,3.2195,-3.6377,-1.9710,-1.4710,1.2271,-3.2575,-3.8691,-0.7181
2,70.6667,1.0221,-0.4691,-3.6395,-1.6256,-3.5002,-0.7840,-1.9975,-0.2915,3.2878,-4.8291,-0.4314,-3.0520,-0.0950,-3.8993,-2.5716,-1.3049,4.4388,-5.0114,-0.2013,-0.3710,3.2195,-3.6377,-1.9710,-1.4710,1.2271,-3.2575,-3.8691,-0.7181
3,73.3333,1.0709,-1.2054,-3.5861,-1.5636,-3.4787,-1.5775,-1.9171,-0.0780,3.4135,-4.9655,-0.8553,-3.0455,0.1432,-3.9934,-4.6675,-1.5994,2.9821,-5.8010,-0.2086,-0.1384,2.8780,-3.6558,-1.8445,-1.2179,1.2563,-2.5825,-3.8443,-0.1407
4,73.3333,1.0709,-1.2054,-3.5861,-1.5636,-3.4787,-1.5775,-1.9171,-0.0780,3.4135,-4.9655,-0.8553,-3.0455,0.1432,-3.9934,-4.6675,-1.5994,2.9821,-5.8010,-0.2086,-0.1384,2.8780,-3.6558,-1.8445,-1.2179,1.2563,-2.5825,-3.8443,-0.1407
5,73.3333,1.0709,-1.2054,-3.5861,-1.5636,-3.4787,-1.5775,-1.9171,-0.0780,3.4135,-4.9655,-0.8553,-3.0455,0.1432,-3.9934,-4.6675,-1.5994,2.9821,-5.8010,-0.2086,-0.1384,2.8780,-3.6558,-1.8445,-1.2179,1.2563,-2.5825,-3.8443,-0.1407
6,73.3333,1.0709,-1.2054,-3.5861,-1.5636,-3.4787,-1.5775,-1.9171,-0.0780,3.4135,-4.9655,-0.8553,-3.0455,0.1432,-3.9934,-4.6675,-1.5994,2.9821,-5.8010,-0.2086,-0.1384,2.8780,-3.6558,-1.8445,-1.2179,1.2563,-2.5825,-3.8443,-0.1407
7,73.3333,1.0709,-1.2054,-3.5861,-1.5636,-3.4787,-1.5775,-1.9171,-0.0780,3.4135,-4.9655,-0.8553,-3.0455,0.1432,-3.9934,-4.6675,-1.5994,2.9821,-5.8010,-0.2086,-0.1384,2.8780,-3.6558,-1.8445,-1.2179,1.2563,-2.5825,-3.8443,-0.1407
8,73.3333,1.0709,-1.2054,-3.5861,-1.5636,-3.4787,-1.5775,-1.9171,-0.0780,3.4135,-4.9655,-0.8553,-3.0455,0.1432,-3.9934,-4.6675,-1.5994,2.9821,-5.8010,-0.2086,-0.1384,2.8780,-3.6558,-1.8445,-1.2179,1.2563,-2.5825,-3.8443,-0.1407
9,73.3333,1.0709,-1.2054,-3.5861,-1.5636,-3.4787,-1.5775,-1.9171,-0.0780,3.4135,-4.9655,-0.8553,-3.0455,0.1432,-3.9934,-4.6675,-1.5994,2.9821,-5.8010,-0.2086,-0.1384,2.8780,-3.6558,-1.8445,-1.2179,1.2563,-2.5825,-3.8443,-0.1407
10,73.3333,1.0709,-1.2054,-3.5861,-1.5636,-3.4787,-1.5775,-1.9171,-0.0780,3.4135,-4.9655,-0.8553,-3.0455,0.1432,-3.9934,-4.6675,-1.5994,2.9821,-5.8010,-0.2086,-0.1384,2.8780,-3.6558,-1.8445,-1.2179,1.2563,-2.5825,-3.8443,-0.1407
11,73.3333,1.0709,-1.2054,-3.5861,-1.5636,-3.4787,-1.5775,-1.9171,-0.0780,3.4135,-4.9655,-0.8553,-3.0455,0.1432,-3.9934,-4.6675,-1.5994,2.9821,-5.8010,-0.2086,-0.1384,2.8780,-3.6558,-1.8445,-1.2179,1.2563,-2.5825,-3.8443,-0.1407
12,73.3333,1.0709,-1.2054,-3.5861,-1.5636,-3.4787,-1.5775,-1.9171,-0.0780,3.4135,-4.9655,-0.8553,-3.0455,0.1432,-3.9934,-4.6675,-1.5994,2.9821,-5.8010,-0.2086,-0.1384,2.8780,-3.6558,-1.8445,-1.2179,1.2563,-2.5825,-3.8443,-0.1407
13,73.3333,1.0709,-1.2054,-3.5861,-1.5636,-3.4787,-1.5775,-1.9171,-0.0780,3.4135,-4.9655,-0.8553,-3.0455,0.1432,-3.9934,-4.6675,-1.5994,2.9821,-5.8010,-0.2086,-0.1384,2.8780,-3.6558,-1.8445,-1.2179,1.2563,-2.5825,-3.8443,-0.1407
14,73.3333,1.0709,-1.2054,-3.5861,-1.5636,-3.4787,-1.5775,-1.9171,-0.0780,3.4135,-4.9655,-0.8553,-3.0455,0.1432,-3.9934,-4.6675,-1.5994,2.9821,-5.8010,-0.2086,-0.1384,2.8780,-3.6558,-1.8445,-1.2179,1.2563,-2.5825,-3.8443,-0.1407
15,73.3333,1.0709,-1.2054,-3.5861,-1.5636,-3.4787,-1.5775,-1.9171,-0.0780,3.4135,-4.9655,-0.8553,-3.0455,0.1432,-3.9934,-4.6675,-1.5994,2.9821,-5.8010,-0.2086,-0.1384,2.8780,-3.6558,-1.8445,-1.2179,1.2563,-2.5825,-3.8443,-0.1407
16,73.3333,1.0709,-1.2054,-3.5861,-1.5636,-3.4787,-1.5775,-1.9171,-0.0780,3.4135,-4.9655,-0.8553,-3.0455,0.1432,-3.9934,-4.6675,-1.5994,2.9821,-5.8010,-0.2086,-0.1384,2.8780,-3.6558,-1.8445,-1.2179,1.2563,-2.5825,-3.8443,-0.1407
17,73.3333,1.0709,-1.2054,-3.5861,-1.5636,-3.4787,-1.5775,-1.9171,-0.0780,3.4135,-4.9655,-0.8553,-3.0455,0.1432,-3.9934,-4.6675,-1.5994,2.9821,-5.8010,-0.2086,-0.1384,2.8780,-3.6558,-1.8445,-1.2179,1.2563,-2.5825,-3.8443,-0.1407
18,73.3333,1.0709,-1.2054,-3.5861,-1.5636,-3.4787,-1.5775,-1.9171,-0.0780,3.4135,-4.9655,-0.8553,-3.0455,0.1432,-3.9934,-4.6675,-1.5994,2.9821,-5.8010,-0.2086,-0.1384,2.8780,-3.6558,-1.8445,-1.2179,1.2563,-2.5825,-3.8443,-0.1407
19,73.3333,1.0709,-1.2054,-3.5861,-1.5636,-3.4787,-1.5775,-1.9171,-0.0780,3.4135,-4.9655,-0.8553,-3.0455,0.1432,-3.9934,-4.6675,-1.5994,2.9821,-5.8010,-0.2086,-0.1384,2.8780,-3.6558,-1.8445,-1.2179,1.2563,-2.5825,-3.8443,-0.1407

[Final Best]
Fitness: 73.3333
I: 1.0709 -1.2054 -3.5861 -1.5636 
O: -3.4787 -1.5775 -1.9171 -0.0780 
T: 3.4135 -4.9655 -0.8553 -3.0455 
S: 0.1432 -3.9934 -4.6675 -1.5994 
Z: 2.9821 -5.8010 -0.2086 -0.1384 
J: 2.8780 -3.6558 -1.8445 -1.2179 
L: 1.2563 -2.5825 -3.8443 -0.1407 
