# Iteration 0 fitness=78.000000
-1.166622 -0.894331 -1.799242 -0.469060
0.324742 -0.453615 -5.107001 -1.596358
2.625528 -2.738399 -0.714776 -0.433320
-2.671927 -2.557138 -2.796986 -1.533429
1.263401 -1.592902 -2.002970 -1.105390
0.444568 -1.911722 -5.050958 -1.383461
-3.036006 -0.393380 -7.245274 -1.905444

# Iteration 1 fitness=78.333333
-0.760287 -0.628556 -1.780234 -0.625039
1.099280 -1.114320 -5.865375 -0.830490
3.801533 -2.775876 -0.519079 -0.640841
-0.536859 -3.458382 -3.446155 -1.081440
1.177746 -2.789309 -2.516702 -1.153077
0.956708 -2.187775 -5.605418 -2.067150
-3.364742 -0.939652 -7.016511 -1.722340