Gen,BestFitness,T0_w0,T0_w1,T0_w2,T0_w3,T1_w0,T1_w1,T1_w2,T1_w3,T2_w0,T2_w1,T2_w2,T2_w3,T3_w0,T3_w1,T3_w2,T3_w3,T4_w0,T4_w1,T4_w2,T4_w3,T5_w0,T5_w1,T5_w2,T5_w3,T6_w0,T6_w1,T6_w2,T6_w3
0,78.3333,-1.1666,-0.8943,-2.2693,-0.4691,-0.0889,-0.4536,-5.2184,-1.5964,2.6255,-2.7384,-0.8347,-0.4333,-2.6719,-2.5571,-2.7970,-1.5334,1.2634,-1.3944,-2.0030,-1.1054,0.4446,-1.9117,-5.0510,-1.5104,-3.0360,-0.2043,-6.8514,-1.9054
1,78.3333,-1.1666,-0.8943,-2.2693,-0.4691,-0.0889,-0.4536,-5.2184,-1.5964,2.6255,-2.7384,-0.8347,-0.4333,-2.6719,-2.5571,-2.7970,-1.5334,1.2634,-1.3944,-2.0030,-1.1054,0.4446,-1.9117,-5.0510,-1.5104,-3.0360,-0.2043,-6.8514,-1.9054
2,78.3333,-1.1666,-0.8943,-2.2693,-0.4691,-0.0889,-0.4536,-5.2184,-1.5964,2.6255,-2.7384,-0.8347,-0.4333,-2.6719,-2.5571,-2.7970,-1.5334,1.2634,-1.3944,-2.0030,-1.1054,0.4446,-1.9117,-5.0510,-1.5104,-3.0360,-0.2043,-6.8514,-1.9054
3,78.3333,-1.1666,-0.8943,-2.2693,-0.4691,-0.0889,-0.4536,-5.2184,-1.5964,2.6255,-2.7384,-0.8347,-0.4333,-2.6719,-2.5571,-2.7970,-1.5334,1.2634,-1.3944,-2.0030,-1.1054,0.4446,-1.9117,-5.0510,-1.5104,-3.0360,-0.2043,-6.8514,-1.9054
4,78.3333,-1.1666,-0.8943,-2.2693,-0.4691,-0.0889,-0.4536,-5.2184,-1.5964,2.6255,-2.7384,-0.8347,-0.4333,-2.6719,-2.5571,-2.7970,-1.5334,1.2634,-1.3944,-2.0030,-1.1054,0.4446,-1.9117,-5.0510,-1.5104,-3.0360,-0.2043,-6.8514,-1.9054
5,78.3333,-1.1666,-0.8943,-2.2693,-0.4691,-0.0889,-0.4536,-5.2184,-1.5964,2.6255,-2.7384,-0.8347,-0.4333,-2.6719,-2.5571,-2.7970,-1.5334,1.2634,-1.3944,-2.0030,-1.1054,0.4446,-1.9117,-5.0510,-1.5104,-3.0360,-0.2043,-6.8514,-1.9054
6,78.3333,-1.1666,-0.8943,-2.2693,-0.4691,-0.0889,-0.4536,-5.2184,-1.5964,2.6255,-2.7384,-0.8347,-0.4333,-2.6719,-2.5571,-2.7970,-1.5334,1.2634,-1.3944,-2.0030,-1.1054,0.4446,-1.9117,-5.0510,-1.5104,-3.0360,-0.2043,-6.8514,-1.9054
7,78.3333,-1.1666,-0.8943,-2.2693,-0.4691,-0.0889,-0.4536,-5.2184,-1.5964,2.6255,-2.7384,-0.8347,-0.4333,-2.6719,-2.5571,-2.7970,-1.5334,1.2634,-1.3944,-2.0030,-1.1054,0.4446,-1.9117,-5.0510,-1.5104,-3.0360,-0.2043,-6.8514,-1.9054
8,78.3333,-1.1666,-0.8943,-2.2693,-0.4691,-0.0889,-0.4536,-5.2184,-1.5964,2.6255,-2.7384,-0.8347,-0.4333,-2.6719,-2.5571,-2.7970,-1.5334,1.2634,-1.3944,-2.0030,-1.1054,0.4446,-1.9117,-5.0510,-1.5104,-3.0360,-0.2043,-6.8514,-1.9054
9,78.3333,-1.1666,-0.8943,-2.2693,-0.4691,-0.0889,-0.4536,-5.2184,-1.5964,2.6255,-2.7384,-0.8347,-0.4333,-2.6719,-2.5571,-2.7970,-1.5334,1.2634,-1.3944,-2.0030,-1.1054,0.4446,-1.9117,-5.0510,-1.5104,-3.0360,-0.2043,-6.8514,-1.9054
10,78.3333,-0.7603,-0.6286,-1.7802,-0.6250,1.0993,-1.1143,-5.8654,-0.8305,3.8015,-2.7759,-0.5191,-0.6408,-0.5369,-3.4584,-3.4462,-1.0814,1.1777,-2.7893,-2.5167,-1.1531,0.9567,-2.1878,-5.6054,-2.0671,-3.3647,-0.9397,-7.0165,-1.7223
11,78.3333,-1.1666,-0.8943,-2.2693,-0.4691,-0.0889,-0.4536,-5.2184,-1.5964,2.6255,-2.7384,-0.8347,-0.4333,-2.6719,-2.5571,-2.7970,-1.5334,1.2634,-1.3944,-2.0030,-1.1054,0.4446,-1.9117,-5.0510,-1.5104,-3.0360,-0.2043,-6.8514,-1.9054
12,78.3333,-0.7603,-0.6286,-1.7802,-0.6250,1.0993,-1.1143,-5.8654,-0.8305,3.8015,-2.7759,-0.5191,-0.6408,-0.5369,-3.4584,-3.4462,-1.0814,1.1777,-2.7893,-2.5167,-1.1531,0.9567,-2.1878,-5.6054,-2.0671,-3.3647,-0.9397,-7.0165,-1.7223
13,78.3333,-1.1666,-0.8943,-2.2693,-0.4691,-0.0889,-0.4536,-5.2184,-1.5964,2.6255,-2.7384,-0.8347,-0.4333,-2.6719,-2.5571,-2.7970,-1.5334,1.2634,-1.3944,-2.0030,-1.1054,0.4446,-1.9117,-5.0510,-1.5104,-3.0360,-0.2043,-6.8514,-1.9054
14,78.3333,-0.7603,-0.6286,-1.7802,-0.6250,1.0993,-1.1143,-5.8654,-0.8305,3.8015,-2.7759,-0.5191,-0.6408,-0.5369,-3.4584,-3.4462,-1.0814,1.1777,-2.7893,-2.5167,-1.1531,0.9567,-2.1878,-5.6054,-2.0671,-3.3647,-0.9397,-7.0165,-1.7223
15,78.3333,-1.1666,-0.8943,-2.2693,-0.4691,-0.0889,-0.4536,-5.2184,-1.5964,2.6255,-2.7384,-0.8347,-0.4333,-2.6719,-2.5571,-2.7970,-1.5334,1.2634,-1.3944,-2.0030,-1.1054,0.4446,-1.9117,-5.0510,-1.5104,-3.0360,-0.2043,-6.8514,-1.9054
16,78.3333,-0.7603,-0.6286,-1.7802,-0.6250,1.0993,-1.1143,-5.8654,-0.8305,3.8015,-2.7759,-0.5191,-0.6408,-0.5369,-3.4584,-3.4462,-1.0814,1.1777,-2.7893,-2.5167,-1.1531,0.9567,-2.1878,-5.6054,-2.0671,-3.3647,-0.9397,-7.0165,-1.7223
17,78.3333,-1.1666,-0.8943,-2.2693,-0.4691,-0.0889,-0.4536,-5.2184,-1.5964,2.6255,-2.7384,-0.8347,-0.4333,-2.6719,-2.5571,-2.7970,-1.5334,1.2634,-1.3944,-2.0030,-1.1054,0.4446,-1.9117,-5.0510,-1.5104,-3.0360,-0.2043,-6.8514,-1.9054
18,78.3333,-0.7603,-0.6286,-1.7802,-0.6250,1.0993,-1.1143,-5.8654,-0.8305,3.8015,-2.7759,-0.5191,-0.6408,-0.5369,-3.4584,-3.4462,-1.0814,1.1777,-2.7893,-2.5167,-1.1531,0.9567,-2.1878,-5.6054,-2.0671,-3.3647,-0.9397,-7.0165,-1.7223
19,78.3333,-1.1666,-0.8943,-2.2693,-0.4691,-0.0889,-0.4536,-5.2184,-1.5964,2.6255,-2.7384,-0.8347,-0.4333,-2.6719,-2.5571,-2.7970,-1.5334,1.2634,-1.3944,-2.0030,-1.1054,0.4446,-1.9117,-5.0510,-1.5104,-3.0360,-0.2043,-6.8514,-1.9054

[Final Best]
Fitness: 78.3333
I: -0.7603 -0.6286 -1.7802 -0.6250 
O: 1.0993 -1.1143 -5.8654 -0.8305 
T: 3.8015 -2.7759 -0.5191 -0.6408 
S: -0.5369 -3.4584 -3.4462 -1.0814 
Z: 1.1777 -2.7893 -2.5167 -1.1531 
J: 0.9567 -2.1878 -5.6054 -2.0671 
L: -3.3647 -0.9397 -7.0165 -1.7223 
