Gen,BestFitness,T0_w0,T0_w1,T0_w2,T0_w3,T1_w0,T1_w1,T1_w2,T1_w3,T2_w0,T2_w1,T2_w2,T2_w3,T3_w0,T3_w1,T3_w2,T3_w3,T4_w0,T4_w1,T4_w2,T4_w3,T5_w0,T5_w1,T5_w2,T5_w3,T6_w0,T6_w1,T6_w2,T6_w3
0,78.0000,0.2792,-2.5596,-1.8900,-0.4290,0.4663,-0.0836,-5.9339,-2.4846,4.4698,-2.2201,-0.8085,-0.3516,-1.8508,-0.5146,-2.3659,-0.5206,2.4189,-1.3006,-1.9481,-1.3868,-0.2108,-0.7019,-4.9990,-0.8719,-2.7598,-0.1292,-8.4624,-1.8731
1,78.0000,0.2792,-2.5596,-1.8900,-0.4290,0.4663,-0.0836,-5.9339,-2.4846,4.4698,-2.2201,-0.8085,-0.3516,-1.8508,-0.5146,-2.3659,-0.5206,2.4189,-1.3006,-1.9481,-1.3868,-0.2108,-0.7019,-4.9990,-0.8719,-2.7598,-0.1292,-8.4624,-1.8731
2,78.0000,0.2739,-2.6226,-2.0516,-0.3389,0.5052,-0.0473,-5.7350,-2.1140,4.4698,-2.2417,-0.6921,-0.1932,-1.8508,-0.5203,-3.5602,-0.0487,2.2104,-2.7161,-1.7103,-1.2548,0.0165,-1.2740,-5.6256,-0.4556,-2.8240,-0.6010,-8.5669,-1.8731
3,78.0000,0.2792,-2.5596,-1.8900,-0.4290,0.4663,-0.0836,-5.9339,-2.4846,4.4698,-2.2201,-0.8085,-0.3516,-1.8508,-0.5146,-2.3659,-0.5206,2.4189,-1.3006,-1.9481,-1.3868,-0.2108,-0.7019,-4.9990,-0.8719,-2.7598,-0.1292,-8.4624,-1.8731
4,78.0000,0.2739,-2.6226,-2.0516,-0.3389,0.5052,-0.0473,-5.7350,-2.1140,4.4698,-2.2417,-0.6921,-0.1932,-1.8508,-0.5203,-3.5602,-0.0487,2.2104,-2.7161,-1.7103,-1.2548,0.0165,-1.2740,-5.6256,-0.4556,-2.8240,-0.6010,-8.5669,-1.8731
5,78.0000,0.2792,-2.5596,-1.8900,-0.4290,0.4663,-0.0836,-5.9339,-2.4846,4.4698,-2.2201,-0.8085,-0.3516,-1.8508,-0.5146,-2.3659,-0.5206,2.4189,-1.3006,-1.9481,-1.3868,-0.2108,-0.7019,-4.9990,-0.8719,-2.7598,-0.1292,-8.4624,-1.8731
6,78.0000,0.2739,-2.6226,-2.0516,-0.3389,0.5052,-0.0473,-5.7350,-2.1140,4.4698,-2.2417,-0.6921,-0.1932,-1.8508,-0.5203,-3.5602,-0.0487,2.2104,-2.7161,-1.7103,-1.2548,0.0165,-1.2740,-5.6256,-0.4556,-2.8240,-0.6010,-8.5669,-1.8731
7,78.0000,0.2792,-2.5596,-1.8900,-0.4290,0.4663,-0.0836,-5.9339,-2.4846,4.4698,-2.2201,-0.8085,-0.3516,-1.8508,-0.5146,-2.3659,-0.5206,2.4189,-1.3006,-1.9481,-1.3868,-0.2108,-0.7019,-4.9990,-0.8719,-2.7598,-0.1292,-8.4624,-1.8731
8,78.0000,0.2739,-2.6226,-2.0516,-0.3389,0.5052,-0.0473,-5.7350,-2.1140,4.4698,-2.2417,-0.6921,-0.1932,-1.8508,-0.5203,-3.5602,-0.0487,2.2104,-2.7161,-1.7103,-1.2548,0.0165,-1.2740,-5.6256,-0.4556,-2.8240,-0.6010,-8.5669,-1.8731
9,78.0000,0.2792,-2.5596,-1.8900,-0.4290,0.4663,-0.0836,-5.9339,-2.4846,4.4698,-2.2201,-0.8085,-0.3516,-1.8508,-0.5146,-2.3659,-0.5206,2.4189,-1.3006,-1.9481,-1.3868,-0.2108,-0.7019,-4.9990,-0.8719,-2.7598,-0.1292,-8.4624,-1.8731
10,78.0000,0.2739,-2.6226,-2.0516,-0.3389,0.5052,-0.0473,-5.7350,-2.1140,4.4698,-2.2417,-0.6921,-0.1932,-1.8508,-0.5203,-3.5602,-0.0487,2.2104,-2.7161,-1.7103,-1.2548,0.0165,-1.2740,-5.6256,-0.4556,-2.8240,-0.6010,-8.5669,-1.8731
11,78.0000,0.2792,-2.5596,-1.8900,-0.4290,0.4663,-0.0836,-5.9339,-2.4846,4.4698,-2.2201,-0.8085,-0.3516,-1.8508,-0.5146,-2.3659,-0.5206,2.4189,-1.3006,-1.9481,-1.3868,-0.2108,-0.7019,-4.9990,-0.8719,-2.7598,-0.1292,-8.4624,-1.8731
12,78.0000,0.2739,-2.6226,-2.0516,-0.3389,0.5052,-0.0473,-5.7350,-2.1140,4.4698,-2.2417,-0.6921,-0.1932,-1.8508,-0.5203,-3.5602,-0.0487,2.2104,-2.7161,-1.7103,-1.2548,0.0165,-1.2740,-5.6256,-0.4556,-2.8240,-0.6010,-8.5669,-1.8731
13,78.0000,0.2792,-2.5596,-1.8900,-0.4290,0.4663,-0.0836,-5.9339,-2.4846,4.4698,-2.2201,-0.8085,-0.3516,-1.8508,-0.5146,-2.3659,-0.5206,2.4189,-1.3006,-1.9481,-1.3868,-0.2108,-0.7019,-4.9990,-0.8719,-2.7598,-0.1292,-8.4624,-1.8731
14,78.0000,0.2739,-2.6226,-2.0516,-0.3389,0.5052,-0.0473,-5.7350,-2.1140,4.4698,-2.2417,-0.6921,-0.1932,-1.8508,-0.5203,-3.5602,-0.0487,2.2104,-2.7161,-1.7103,-1.2548,0.0165,-1.2740,-5.6256,-0.4556,-2.8240,-0.6010,-8.5669,-1.8731
15,78.0000,0.2792,-2.5596,-1.8900,-0.4290,0.4663,-0.0836,-5.9339,-2.4846,4.4698,-2.2201,-0.8085,-0.3516,-1.8508,-0.5146,-2.3659,-0.5206,2.4189,-1.3006,-1.9481,-1.3868,-0.2108,-0.7019,-4.9990,-0.8719,-2.7598,-0.1292,-8.4624,-1.8731
16,78.0000,0.2739,-2.6226,-2.0516,-0.3389,0.5052,-0.0473,-5.7350,-2.1140,4.4698,-2.2417,-0.6921,-0.1932,-1.8508,-0.5203,-3.5602,-0.0487,2.2104,-2.7161,-1.7103,-1.2548,0.0165,-1.2740,-5.6256,-0.4556,-2.8240,-0.6010,-8.5669,-1.8731
17,78.0000,0.2792,-2.5596,-1.8900,-0.4290,0.4663,-0.0836,-5.9339,-2.4846,4.4698,-2.2201,-0.8085,-0.3516,-1.8508,-0.5146,-2.3659,-0.5206,2.4189,-1.3006,-1.9481,-1.3868,-0.2108,-0.7019,-4.9990,-0.8719,-2.7598,-0.1292,-8.4624,-1.8731
18,78.0000,0.2739,-2.6226,-2.0516,-0.3389,0.5052,-0.0473,-5.7350,-2.1140,4.4698,-2.2417,-0.6921,-0.1932,-1.8508,-0.5203,-3.5602,-0.0487,2.2104,-2.7161,-1.7103,-1.2548,0.0165,-1.2740,-5.6256,-0.4556,-2.8240,-0.6010,-8.5669,-1.8731
19,78.0000,0.2792,-2.5596,-1.8900,-0.4290,0.4663,-0.0836,-5.9339,-2.4846,4.4698,-2.2201,-0.8085,-0.3516,-1.8508,-0.5146,-2.3659,-0.5206,2.4189,-1.3006,-1.9481,-1.3868,-0.2108,-0.7019,-4.9990,-0.8719,-2.7598,-0.1292,-8.4624,-1.8731

[Final Best]
Fitness: 78.0000
I: 0.2739 -2.6226 -2.0516 -0.3389 
O: 0.5052 -0.0473 -5.7350 -2.1140 
T: 4.4698 -2.2417 -0.6921 -0.1932 
S: -1.8508 -0.5203 -3.5602 -0.0487 
Z: 2.2104 -2.7161 -1.7103 -1.2548 
J: 0.0165 -1.2740 -5.6256 -0.4556 
L: -2.8240 -0.6010 -8.5669 -1.8731 
