# Iteration 0 fitness=12.000000
0.626138 -2.691383 -1.280355 -1.881829
1.296794 -0.033618 -2.567936 -0.991762
3.435795 -0.025055 -2.536128 2.913789
-1.439837 -0.027099 -3.329136 -0.824343
0.821027 -0.455470 -1.692611 -0.178057
1.219468 -1.031977 -1.386946 -0.808945
-2.475547 1.557035 -3.975781 -2.761554

# Iteration 1 fitness=66.000000
0.058471 -3.148731 -1.749867 -0.721498
-0.042035 -0.008020 -4.335425 -1.199623
3.202067 -2.566741 -1.288462 1.575535
-2.047067 -0.546665 -1.878088 -0.952846
2.532396 -1.419797 -2.044093 -1.535116
0.152780 -0.601740 -1.567407 -0.672813
-2.643558 -0.259063 -6.021173 -2.650334

# Iteration 2 fitness=78.000000
0.279231 -1.932489 -2.203881 -0.646836
0.311442 -0.083590 -5.862545 -2.158843
4.781458 -2.260180 -0.437901 -0.482399
-2.252259 -0.514590 -2.424660 -0.914611
2.418919 -1.426158 -1.669077 -1.340171
-0.210780 -0.732305 -4.997148 -0.563011
-2.759806 -0.768219 -8.462410 -1.873122

# Iteration 3 fitness=77.333333
0.279231 -1.414980 -2.333657 -0.875639
-0.831863 -0.224510 -5.557298 -2.208820
5.272140 -1.680870 -0.208310 -0.482399
-2.101412 -0.514590 -2.675212 -0.914611
2.307617 -1.426158 -1.664341 -1.340171
-0.210780 -0.851064 -4.701382 -0.563011
-3.145497 -0.862774 -8.788501 -2.072398

# Iteration 4 fitness=78.000000
-0.446535 -2.608422 -1.691199 -0.953442
0.311310 -0.068313 -5.848016 -1.926273
4.804672 -1.684494 -0.891480 -0.653355
0.153324 -1.336296 -3.623998 -0.801757
2.792047 -1.519331 -2.913878 -1.353611
-0.167754 -0.256450 -4.955648 -0.576514
-2.796456 -0.498583 -8.717384 -2.131516

# Iteration 5 fitness=78.000000
-0.304726 -1.782624 -2.183677 -0.900917
0.258157 -0.163483 -6.200502 -2.109026
1.981698 -2.848371 -0.726628 -0.489664
-1.323625 -0.214663 -2.488383 -0.280382
2.893029 -1.078888 -2.901943 -1.135033
0.736168 -0.635585 -5.106917 -0.775264
-3.515384 -1.126016 -9.385191 -1.666525

# Iteration 6 fitness=78.000000
-1.166622 -0.894331 -1.799242 -0.469060
0.324742 -0.453615 -5.107001 -1.596358
2.625528 -2.738399 -0.714776 -0.433320
-2.671927 -2.557138 -2.796986 -1.533429
1.263401 -1.592902 -2.002970 -1.105390
0.444568 -1.911722 -5.050958 -1.383461
-3.036006 -0.393380 -7.245274 -1.905444

# Iteration 7 fitness=78.000000
-0.412647 -2.849260 -1.869277 -1.148273
1.516388 -2.077220 -6.325992 -1.910938
2.880612 -2.264838 -0.239478 -0.457482
-2.154131 -0.644681 -6.446166 -0.924025
2.630888 -2.184490 -3.264456 -0.535318
0.172387 -0.594138 -5.248042 -1.358696
-2.909391 -0.592138 -8.279915 -1.706892

# Iteration 8 fitness=78.333333
0.279231 -2.107225 -2.310737 -0.390977
0.489128 -0.083590 -5.933911 -2.158843
4.469772 -2.220078 -0.466995 -0.169103
-1.850773 -0.514590 -2.336138 -0.520571
2.418919 -1.300623 -1.669077 -1.386758
-0.210780 -1.151919 -4.999038 -0.563011
-2.759806 -0.768219 -8.462410 -1.873122

# Iteration 9 fitness=78.000000
-0.076229 -2.481115 -2.596923 -0.345724
1.405187 0.162473 -6.901481 -2.171797
3.503712 -1.847138 -0.675594 -0.211799
-1.240792 -3.236562 -4.490383 -1.336485
1.850001 -1.237427 -2.318187 -1.585273
-0.360341 -2.152103 -4.224147 -2.903565
-2.645500 -0.597089 -8.291036 -1.367577

# Iteration 10 fitness=78.000000
0.241074 -2.714723 -2.375211 -0.388960
0.495189 -0.001818 -5.933113 -2.566221
4.469772 -1.770677 -0.484398 -0.193164
-2.139543 -0.371706 -2.655599 -0.908369
2.412248 -1.430959 -1.488012 -0.111387
-0.797619 -1.176144 -5.790970 -0.518268
-2.860163 -0.697177 -8.741739 -1.834161

# Iteration 11 fitness=78.000000
-0.594598 -2.295172 -2.434358 -1.576880
0.632114 0.348741 -5.765634 -2.183801
4.892150 -1.265234 -1.113652 -0.193169
-1.897968 -2.748427 -1.431438 -0.567405
2.772326 -1.377896 -1.698533 -0.215277
-0.576523 -1.726981 -5.022498 -0.767448
-3.853295 -0.634186 -8.864137 -1.506234

# Iteration 12 fitness=78.000000
-1.062798 -2.384947 -2.196954 -0.302829
0.541174 0.474962 -5.720563 -0.670352
5.297033 -3.443812 -0.687176 -0.640253
-2.137614 -1.605093 -3.738790 -0.544533
3.638229 -3.445132 -2.277317 -1.160053
0.772284 -1.387173 -4.941015 -0.190028
-1.185485 -1.569306 -8.599899 -1.424093

# Iteration 13 fitness=77.666667
0.932680 -1.357581 -2.398157 -0.315599
0.337544 -0.300161 -5.286241 -2.214286
3.818565 -2.192353 -0.390566 -0.469636
-1.690192 -1.019804 -1.517315 -0.890841
2.545017 -1.374595 -3.515680 -1.415223
0.113184 -2.838913 -4.389822 -0.641340
-2.636780 -1.618579 -6.579890 -1.905616

# Iteration 14 fitness=78.000000
-0.704258 -2.880624 -1.705564 -1.417612
0.211373 -0.927051 -6.895231 -2.352312
3.325124 -1.835700 -0.706473 -0.057382
-2.132935 -0.917900 -1.015431 -0.651213
1.415094 -1.225657 -1.749369 -1.116402
0.098152 -1.773959 -6.342139 -0.651028
-1.223246 -0.723185 -10.605569 -1.957257

# Iteration 15 fitness=78.000000
0.174852 -1.745578 -2.401362 -0.123064
0.037616 -0.575249 -6.118857 -2.160055
4.549298 -1.974537 -0.432346 -0.166055
-2.172536 -0.907716 -2.327672 -1.482347
1.518341 -2.412582 -1.693697 -1.600787
0.477521 -1.094173 -5.207970 -1.200829
-5.465054 -0.764920 -9.098014 -1.672769

# Iteration 16 fitness=78.000000
0.273858 -2.622642 -2.051638 -0.338886
0.505171 -0.047328 -5.735006 -2.113974
4.469772 -2.241665 -0.692056 -0.193200
-1.850773 -0.520268 -3.560181 -0.048657
2.210352 -2.716130 -1.710349 -1.254795
0.016505 -1.273963 -5.625561 -0.455613
-2.823993 -0.600994 -8.566879 -1.873122

